 09-Dec-2012       (rnp_101.dat - 1.0*Aver(rnp_100.dat,rnp_102.dat) /  0.5600 
 rnp_101.dat  Conc = .56E+00  N1 =    1  N2 = 1043
 rnp_100.dat  Conc = 0.0d+0   N1 =    1  N2 = 1043
 rnp_102.dat  Conc = 0.0d+0   N1 =    1  N2 = 1043
  0.886122E-01  0.226315E+03  0.166183E+01
  0.929302E-01  0.224736E+03  0.165607E+01
  0.972482E-01  0.223040E+03  0.158435E+01
  0.101566E+00  0.221560E+03  0.154763E+01
  0.105884E+00  0.217205E+03  0.141563E+01
  0.110202E+00  0.215688E+03  0.146011E+01
  0.114520E+00  0.213469E+03  0.134815E+01
  0.118838E+00  0.209039E+03  0.127560E+01
  0.123157E+00  0.206744E+03  0.124589E+01
  0.127475E+00  0.201837E+03  0.122684E+01
  0.131793E+00  0.200510E+03  0.120378E+01
  0.136111E+00  0.197769E+03  0.120758E+01
  0.140429E+00  0.195084E+03  0.112490E+01
  0.144747E+00  0.191563E+03  0.111049E+01
  0.149065E+00  0.188156E+03  0.111611E+01
  0.153383E+00  0.187323E+03  0.103925E+01
  0.157701E+00  0.183464E+03  0.105872E+01
  0.162019E+00  0.180934E+03  0.981646E+00
  0.166337E+00  0.177331E+03  0.103808E+01
  0.170655E+00  0.175504E+03  0.964378E+00
  0.174973E+00  0.173552E+03  0.962096E+00
  0.179291E+00  0.169463E+03  0.954438E+00
  0.183609E+00  0.164545E+03  0.935595E+00
  0.187927E+00  0.165001E+03  0.878769E+00
  0.192245E+00  0.161370E+03  0.910463E+00
  0.196563E+00  0.157547E+03  0.849121E+00
  0.200881E+00  0.153690E+03  0.889797E+00
  0.205199E+00  0.151577E+03  0.837441E+00
  0.209517E+00  0.150142E+03  0.839528E+00
  0.213836E+00  0.145898E+03  0.816433E+00
  0.218154E+00  0.143777E+03  0.831704E+00
  0.222472E+00  0.141943E+03  0.780219E+00
  0.226790E+00  0.138598E+03  0.794021E+00
  0.231108E+00  0.136123E+03  0.778726E+00
  0.235426E+00  0.133668E+03  0.816812E+00
  0.239744E+00  0.131398E+03  0.771062E+00
  0.244062E+00  0.127998E+03  0.825255E+00
  0.248380E+00  0.125525E+03  0.776948E+00
  0.252698E+00  0.122898E+03  0.778305E+00
  0.257016E+00  0.120153E+03  0.744317E+00
  0.261334E+00  0.119015E+03  0.758442E+00
  0.265652E+00  0.114981E+03  0.764365E+00
  0.269970E+00  0.112519E+03  0.743402E+00
  0.274288E+00  0.110252E+03  0.775536E+00
  0.278606E+00  0.108568E+03  0.719196E+00
  0.282924E+00  0.104786E+03  0.746734E+00
  0.287242E+00  0.103262E+03  0.731612E+00
  0.291560E+00  0.101044E+03  0.693893E+00
  0.295878E+00  0.979422E+02  0.691320E+00
  0.300196E+00  0.969848E+02  0.674028E+00
  0.304515E+00  0.942134E+02  0.653714E+00
  0.308833E+00  0.919263E+02  0.663247E+00
  0.313150E+00  0.894729E+02  0.634012E+00
  0.317469E+00  0.887171E+02  0.641222E+00
  0.321787E+00  0.857659E+02  0.608491E+00
  0.326105E+00  0.825210E+02  0.605420E+00
  0.330423E+00  0.816534E+02  0.587055E+00
  0.334741E+00  0.795027E+02  0.606729E+00
  0.339059E+00  0.776705E+02  0.574639E+00
  0.343377E+00  0.751262E+02  0.595539E+00
  0.347695E+00  0.741178E+02  0.564330E+00
  0.352013E+00  0.713160E+02  0.567236E+00
  0.356331E+00  0.700212E+02  0.558792E+00
  0.360649E+00  0.689822E+02  0.540669E+00
  0.364967E+00  0.660485E+02  0.529886E+00
  0.369285E+00  0.660556E+02  0.541778E+00
  0.373603E+00  0.636795E+02  0.529705E+00
  0.377921E+00  0.619138E+02  0.519620E+00
  0.382239E+00  0.594651E+02  0.531401E+00
  0.386557E+00  0.586950E+02  0.513544E+00
  0.390875E+00  0.570989E+02  0.510373E+00
  0.395193E+00  0.543215E+02  0.491839E+00
  0.399512E+00  0.540127E+02  0.494038E+00
  0.403830E+00  0.532384E+02  0.491239E+00
  0.408148E+00  0.509465E+02  0.487896E+00
  0.412466E+00  0.501546E+02  0.480242E+00
  0.416784E+00  0.487839E+02  0.489252E+00
  0.421102E+00  0.474533E+02  0.466701E+00
  0.425420E+00  0.466033E+02  0.477926E+00
  0.429738E+00  0.448002E+02  0.450627E+00
  0.434056E+00  0.430634E+02  0.466261E+00
  0.438374E+00  0.421935E+02  0.451237E+00
  0.442692E+00  0.408831E+02  0.455157E+00
  0.447010E+00  0.403195E+02  0.443841E+00
  0.451328E+00  0.394546E+02  0.454134E+00
  0.455646E+00  0.383795E+02  0.439390E+00
  0.459964E+00  0.366405E+02  0.438255E+00
  0.464282E+00  0.355893E+02  0.420983E+00
  0.468600E+00  0.346465E+02  0.430683E+00
  0.472918E+00  0.335403E+02  0.420933E+00
  0.477236E+00  0.318183E+02  0.429846E+00
  0.481554E+00  0.318572E+02  0.412746E+00
  0.485872E+00  0.308774E+02  0.425402E+00
  0.490190E+00  0.305492E+02  0.412270E+00
  0.494509E+00  0.289372E+02  0.403565E+00
  0.498827E+00  0.265046E+02  0.403767E+00
  0.503145E+00  0.276589E+02  0.396693E+00
  0.507463E+00  0.267939E+02  0.407113E+00
  0.511781E+00  0.257671E+02  0.393416E+00
  0.516099E+00  0.253167E+02  0.393949E+00
  0.520417E+00  0.247763E+02  0.399187E+00
  0.524735E+00  0.239438E+02  0.392592E+00
  0.529053E+00  0.238244E+02  0.398409E+00
  0.533371E+00  0.227063E+02  0.394382E+00
  0.537689E+00  0.213817E+02  0.393073E+00
  0.542007E+00  0.210688E+02  0.397709E+00
  0.546325E+00  0.205033E+02  0.388648E+00
  0.550643E+00  0.209311E+02  0.402592E+00
  0.554961E+00  0.196936E+02  0.389561E+00
  0.559279E+00  0.187671E+02  0.398684E+00
  0.563597E+00  0.183024E+02  0.384481E+00
  0.567915E+00  0.181398E+02  0.389929E+00
  0.572233E+00  0.176394E+02  0.384310E+00
  0.576551E+00  0.173191E+02  0.388950E+00
  0.580869E+00  0.172017E+02  0.388699E+00
  0.585187E+00  0.158026E+02  0.386934E+00
  0.589506E+00  0.162699E+02  0.383670E+00
  0.593823E+00  0.157621E+02  0.386174E+00
  0.598142E+00  0.146625E+02  0.376932E+00
  0.602460E+00  0.153592E+02  0.383008E+00
  0.606778E+00  0.141321E+02  0.368860E+00
  0.611096E+00  0.137291E+02  0.378271E+00
  0.615414E+00  0.141488E+02  0.381267E+00
  0.619732E+00  0.129107E+02  0.375262E+00
  0.624050E+00  0.132258E+02  0.379954E+00
  0.628368E+00  0.132867E+02  0.368725E+00
  0.632686E+00  0.123393E+02  0.365101E+00
  0.637004E+00  0.120902E+02  0.372150E+00
  0.641322E+00  0.114004E+02  0.366734E+00
  0.645640E+00  0.113420E+02  0.368616E+00
  0.649958E+00  0.116552E+02  0.366036E+00
  0.654276E+00  0.112590E+02  0.364874E+00
  0.658594E+00  0.104120E+02  0.371865E+00
  0.662912E+00  0.112125E+02  0.359985E+00
  0.667230E+00  0.103669E+02  0.366745E+00
  0.671548E+00  0.100633E+02  0.355145E+00
  0.675866E+00  0.103662E+02  0.364113E+00
  0.680184E+00  0.981176E+01  0.355047E+00
  0.684503E+00  0.967097E+01  0.357146E+00
  0.688820E+00  0.985006E+01  0.357852E+00
  0.693139E+00  0.881080E+01  0.357697E+00
  0.697457E+00  0.820472E+01  0.356626E+00
  0.701775E+00  0.831092E+01  0.351396E+00
  0.706093E+00  0.861216E+01  0.349769E+00
  0.710411E+00  0.789549E+01  0.351197E+00
  0.714729E+00  0.798936E+01  0.343427E+00
  0.719047E+00  0.775705E+01  0.360609E+00
  0.723365E+00  0.826853E+01  0.345209E+00
  0.727683E+00  0.726206E+01  0.347725E+00
  0.732001E+00  0.799806E+01  0.349565E+00
  0.736319E+00  0.732454E+01  0.342204E+00
  0.740637E+00  0.670897E+01  0.342796E+00
  0.744955E+00  0.721910E+01  0.343698E+00
  0.749273E+00  0.707302E+01  0.340020E+00
  0.753591E+00  0.690870E+01  0.340530E+00
  0.757909E+00  0.720160E+01  0.341954E+00
  0.762227E+00  0.680812E+01  0.340044E+00
  0.766545E+00  0.716279E+01  0.342563E+00
  0.770863E+00  0.680444E+01  0.329520E+00
  0.775181E+00  0.636589E+01  0.335403E+00
  0.779500E+00  0.560628E+01  0.331649E+00
  0.783818E+00  0.612747E+01  0.337235E+00
  0.788136E+00  0.597937E+01  0.328840E+00
  0.792454E+00  0.560468E+01  0.337479E+00
  0.796772E+00  0.569346E+01  0.328264E+00
  0.801090E+00  0.557257E+01  0.331761E+00
  0.805408E+00  0.549701E+01  0.327285E+00
  0.809726E+00  0.516567E+01  0.323376E+00
  0.814044E+00  0.510802E+01  0.329099E+00
  0.818362E+00  0.525529E+01  0.329853E+00
  0.822680E+00  0.607553E+01  0.321204E+00
  0.826998E+00  0.528298E+01  0.331394E+00
  0.831316E+00  0.496114E+01  0.317099E+00
  0.835634E+00  0.472996E+01  0.332690E+00
  0.839952E+00  0.501306E+01  0.319458E+00
  0.844270E+00  0.493954E+01  0.334182E+00
  0.848588E+00  0.443201E+01  0.333436E+00
  0.852906E+00  0.456900E+01  0.331527E+00
  0.857224E+00  0.430907E+01  0.343696E+00
  0.861542E+00  0.405011E+01  0.334939E+00
  0.865860E+00  0.405760E+01  0.342755E+00
  0.870178E+00  0.481430E+01  0.339798E+00
  0.874497E+00  0.398322E+01  0.338917E+00
  0.878815E+00  0.465574E+01  0.336621E+00
  0.883133E+00  0.475009E+01  0.339372E+00
  0.887451E+00  0.448403E+01  0.340106E+00
  0.891769E+00  0.392387E+01  0.342184E+00
  0.896087E+00  0.344336E+01  0.337482E+00
  0.900405E+00  0.424475E+01  0.344854E+00
  0.904723E+00  0.420212E+01  0.340055E+00
  0.909041E+00  0.423641E+01  0.338424E+00
  0.913359E+00  0.355851E+01  0.340262E+00
  0.917677E+00  0.333956E+01  0.343324E+00
  0.921995E+00  0.384013E+01  0.339946E+00
  0.926313E+00  0.375437E+01  0.348186E+00
  0.930631E+00  0.337916E+01  0.340730E+00
  0.934949E+00  0.316091E+01  0.348108E+00
  0.939267E+00  0.385597E+01  0.343151E+00
  0.943585E+00  0.291694E+01  0.343006E+00
  0.947903E+00  0.313317E+01  0.339033E+00
  0.952221E+00  0.316874E+01  0.348794E+00
  0.956539E+00  0.331300E+01  0.342797E+00
  0.960857E+00  0.319321E+01  0.344665E+00
  0.965175E+00  0.369358E+01  0.348901E+00
  0.969494E+00  0.331458E+01  0.343917E+00
  0.973812E+00  0.333197E+01  0.350760E+00
  0.978130E+00  0.308561E+01  0.339437E+00
  0.982448E+00  0.277629E+01  0.347388E+00
  0.986766E+00  0.284888E+01  0.347159E+00
  0.991084E+00  0.266914E+01  0.342227E+00
  0.995402E+00  0.229211E+01  0.347788E+00
  0.999720E+00  0.234247E+01  0.342820E+00
  0.100404E+01  0.209925E+01  0.344544E+00
  0.100836E+01  0.222124E+01  0.343115E+00
  0.101267E+01  0.263203E+01  0.335665E+00
  0.101699E+01  0.213421E+01  0.344178E+00
  0.102131E+01  0.285331E+01  0.343358E+00
  0.102563E+01  0.233441E+01  0.343655E+00
  0.102995E+01  0.250294E+01  0.339675E+00
  0.103426E+01  0.241442E+01  0.352442E+00
  0.103858E+01  0.245043E+01  0.352325E+00
  0.104290E+01  0.209210E+01  0.370926E+00
  0.104722E+01  0.184238E+01  0.379530E+00
  0.105154E+01  0.283563E+01  0.391376E+00
  0.105585E+01  0.259423E+01  0.386003E+00
  0.106017E+01  0.200802E+01  0.397540E+00
  0.106449E+01  0.229527E+01  0.383788E+00
  0.106881E+01  0.193193E+01  0.393348E+00
  0.107313E+01  0.176834E+01  0.378979E+00
  0.107744E+01  0.208232E+01  0.386002E+00
  0.108176E+01  0.195163E+01  0.389497E+00
  0.108608E+01  0.200285E+01  0.388817E+00
  0.109040E+01  0.242992E+01  0.400469E+00
  0.109472E+01  0.212038E+01  0.391003E+00
  0.109903E+01  0.128476E+01  0.397402E+00
  0.110335E+01  0.288669E+01  0.401256E+00
  0.110767E+01  0.133244E+01  0.388031E+00
  0.111199E+01  0.170809E+01  0.378061E+00
  0.111631E+01  0.222210E+01  0.374069E+00
  0.112062E+01  0.198020E+01  0.369803E+00
  0.112494E+01  0.968484E+00  0.369181E+00
  0.112926E+01  0.159829E+01  0.365231E+00
  0.113358E+01  0.198469E+01  0.372978E+00
  0.113790E+01  0.204206E+01  0.359917E+00
  0.114221E+01  0.208715E+01  0.368774E+00
  0.114653E+01  0.150381E+01  0.353282E+00
  0.115085E+01  0.191122E+01  0.356971E+00
  0.115517E+01  0.146478E+01  0.360035E+00
  0.115949E+01  0.128696E+01  0.354214E+00
  0.116381E+01  0.171924E+01  0.355056E+00
  0.116812E+01  0.154834E+01  0.351034E+00
  0.117244E+01  0.138923E+01  0.352689E+00
  0.117676E+01  0.177398E+01  0.349295E+00
  0.118108E+01  0.139113E+01  0.343567E+00
  0.118540E+01  0.177248E+01  0.347748E+00
  0.118971E+01  0.152940E+01  0.343947E+00
  0.119403E+01  0.114413E+01  0.343344E+00
  0.119835E+01  0.164721E+01  0.346271E+00
  0.120267E+01  0.133692E+01  0.342703E+00
  0.120699E+01  0.154793E+01  0.343739E+00
  0.121130E+01  0.396697E+00  0.341402E+00
  0.121562E+01  0.217577E+01  0.339247E+00
  0.121994E+01  0.156591E+01  0.340027E+00
  0.122426E+01  0.925012E+00  0.337579E+00
  0.122858E+01  0.155556E+01  0.341798E+00
  0.123289E+01  0.146491E+01  0.335191E+00
  0.123721E+01  0.109151E+01  0.337578E+00
  0.124153E+01  0.118437E+01  0.341463E+00
  0.124585E+01  0.131142E+01  0.334474E+00
  0.125017E+01  0.927822E+00  0.333235E+00
  0.125449E+01  0.957448E+00  0.333517E+00
  0.125880E+01  0.166713E+01  0.334533E+00
  0.126312E+01  0.138090E+01  0.330341E+00
  0.126744E+01  0.188626E+01  0.335635E+00
  0.127176E+01  0.194821E+01  0.331552E+00
  0.127608E+01  0.694415E+00  0.334697E+00
  0.128039E+01  0.146789E+01  0.331736E+00
  0.128471E+01  0.107456E+01  0.327664E+00
  0.128903E+01  0.837633E+00  0.329145E+00
  0.129335E+01  0.124099E+01  0.331166E+00
  0.129767E+01  0.152303E+01  0.327025E+00
  0.130198E+01  0.112464E+01  0.333029E+00
  0.130630E+01  0.117497E+01  0.326838E+00
  0.131062E+01  0.161374E+01  0.328056E+00
  0.131494E+01  0.177297E+01  0.329877E+00
  0.131926E+01  0.655889E+00  0.319293E+00
  0.132357E+01  0.114969E+01  0.326638E+00
  0.132789E+01  0.122899E+01  0.324023E+00
  0.133221E+01  0.120071E+01  0.324112E+00
  0.133653E+01  0.102891E+01  0.324546E+00
  0.134085E+01  0.144783E+01  0.322457E+00
  0.134516E+01  0.110925E+01  0.324691E+00
  0.134948E+01  0.730878E+00  0.320755E+00
  0.135380E+01  0.104944E+01  0.315373E+00
  0.135812E+01  0.107953E+01  0.320725E+00
  0.136244E+01  0.172706E+01  0.316763E+00
  0.136675E+01  0.103986E+01  0.321459E+00
  0.137107E+01  0.874462E+00  0.312479E+00
  0.137539E+01  0.717275E+00  0.321119E+00
  0.137971E+01  0.172604E+01  0.310372E+00
  0.138403E+01  0.115304E+01  0.314946E+00
  0.138834E+01  0.973256E+00  0.312033E+00
  0.139266E+01  0.132481E+01  0.308818E+00
  0.139698E+01  0.119051E+01  0.316476E+00
  0.140130E+01  0.629852E+00  0.310280E+00
  0.140562E+01  0.145794E+01  0.309297E+00
  0.140993E+01  0.733891E+00  0.317913E+00
  0.141425E+01  0.114725E+01  0.307206E+00
  0.141857E+01  0.921440E+00  0.310445E+00
  0.142289E+01  0.699127E+00  0.308562E+00
  0.142721E+01  0.506258E+00  0.307918E+00
  0.143152E+01  0.304338E+00  0.308197E+00
  0.143584E+01  0.513262E+00  0.310901E+00
  0.144016E+01  0.106203E+01  0.307718E+00
  0.144448E+01  0.130196E+01  0.307832E+00
  0.144880E+01  0.744454E+00  0.308209E+00
  0.145311E+01  0.929357E+00  0.305162E+00
  0.145743E+01  0.133459E+01  0.306730E+00
  0.146175E+01  0.770466E+00  0.302086E+00
  0.146607E+01  0.140929E+01  0.308423E+00
  0.147039E+01  0.553439E+00  0.302723E+00
  0.147470E+01  0.614729E+00  0.305176E+00
  0.147902E+01  0.896647E+00  0.303661E+00
  0.148334E+01  0.129248E+01  0.304249E+00
  0.148766E+01  0.946366E+00  0.297360E+00
  0.149198E+01  0.110215E+01  0.301820E+00
  0.149629E+01  0.913136E+00  0.300966E+00
  0.150061E+01  0.117722E+01  0.300165E+00
  0.150493E+01  0.733794E+00  0.299979E+00
  0.150925E+01  0.943143E+00  0.304010E+00
  0.151357E+01  0.526196E+00  0.296673E+00
  0.151788E+01  0.671997E+00  0.304634E+00
  0.152220E+01  0.921611E+00  0.296489E+00
  0.152652E+01  0.765576E+00  0.299630E+00
  0.153084E+01  0.107617E+01  0.296951E+00
  0.153516E+01  0.700435E+00  0.301387E+00
  0.153948E+01  0.710390E+00  0.296551E+00
  0.154379E+01  0.781952E+00  0.300993E+00
  0.154811E+01  0.931267E+00  0.299855E+00
  0.155243E+01  0.104328E+01  0.297868E+00
  0.155675E+01  0.793262E+00  0.297922E+00
  0.156107E+01  0.585873E+00  0.293950E+00
  0.156538E+01  0.928215E+00  0.296246E+00
  0.156970E+01  0.767139E+00  0.294271E+00
  0.157402E+01  0.735852E+00  0.298494E+00
  0.157834E+01  0.782893E+00  0.296455E+00
  0.158266E+01  0.681163E+00  0.296322E+00
  0.158697E+01  0.622321E+00  0.293969E+00
  0.159129E+01  0.106976E+01  0.291874E+00
  0.159561E+01  0.704895E+00  0.292515E+00
  0.159993E+01  0.780024E+00  0.294102E+00
  0.160425E+01  0.842197E+00  0.293624E+00
  0.160856E+01  0.114791E+01  0.292401E+00
  0.161288E+01  0.922196E+00  0.293186E+00
  0.161720E+01  0.954124E-01  0.293497E+00
  0.162152E+01  0.723779E+00  0.292589E+00
  0.162584E+01  0.103545E+01  0.288019E+00
  0.163016E+01  0.778976E+00  0.289929E+00
  0.163447E+01  0.451807E+00  0.294147E+00
  0.163879E+01  0.587585E+00  0.284367E+00
  0.164311E+01  0.106567E+01  0.295274E+00
  0.164743E+01  0.120739E+01  0.287967E+00
  0.165175E+01  0.490695E+00  0.289894E+00
  0.165606E+01  0.700632E-01  0.291932E+00
  0.166038E+01  0.371304E+00  0.282286E+00
  0.166470E+01  0.958342E+00  0.290947E+00
  0.166902E+01  0.499482E+00  0.284604E+00
  0.167334E+01  0.331609E+00  0.288297E+00
  0.167765E+01  0.324716E+00  0.286767E+00
  0.168197E+01  0.458991E+00  0.287339E+00
  0.168629E+01  0.521832E+00  0.285854E+00
  0.169061E+01  0.931878E+00  0.288698E+00
  0.169493E+01  0.342379E+00  0.283217E+00
  0.169924E+01  0.894383E+00  0.283172E+00
  0.170356E+01  0.677090E+00  0.283874E+00
  0.170788E+01  0.863925E+00  0.285146E+00
  0.171220E+01  0.551956E+00  0.284488E+00
  0.171652E+01  0.241952E+00  0.288157E+00
  0.172083E+01  0.470997E+00  0.281154E+00
  0.172515E+01  0.636887E+00  0.283583E+00
  0.172947E+01  0.297074E+00  0.280617E+00
  0.173379E+01  0.503586E+00  0.283611E+00
  0.173811E+01  0.344990E+00  0.279456E+00
  0.174242E+01  0.442601E+00  0.283659E+00
  0.174674E+01  0.608022E+00  0.279256E+00
  0.175106E+01  0.682288E+00  0.283834E+00
  0.175538E+01  0.145529E+00  0.280714E+00
  0.175970E+01  0.350089E+00  0.279309E+00
  0.176401E+01  0.539706E+00  0.278481E+00
  0.176833E+01  0.447911E+00  0.278360E+00
  0.177265E+01  0.215065E+00  0.280202E+00
  0.177697E+01  0.410517E+00  0.278913E+00
  0.178129E+01  0.499480E+00  0.282876E+00
  0.178560E+01  0.104997E+01  0.277013E+00
  0.178992E+01  0.104256E+01  0.279137E+00
  0.179424E+01  0.206011E-01  0.275014E+00
  0.179856E+01  0.576720E+00  0.278472E+00
  0.180288E+01  0.709250E+00  0.275837E+00
  0.180719E+01  0.370222E+00  0.277132E+00
  0.181151E+01 -0.190805E+00  0.278420E+00
  0.181583E+01  0.449183E+00  0.276411E+00
  0.182015E+01  0.222493E+00  0.274007E+00
  0.182447E+01  0.419598E+00  0.279027E+00
  0.182879E+01 -0.461140E-01  0.270515E+00
  0.183310E+01  0.343378E+00  0.277587E+00
  0.183742E+01  0.648710E+00  0.271488E+00
  0.184174E+01  0.527179E+00  0.276412E+00
  0.184606E+01  0.251279E+00  0.272687E+00
  0.185038E+01  0.804416E+00  0.276970E+00
  0.185469E+01  0.266689E+00  0.281169E+00
  0.185901E+01  0.304530E+00  0.285460E+00
  0.186333E+01 -0.883815E-01  0.287841E+00
  0.186765E+01  0.256853E+00  0.290320E+00
  0.187197E+01  0.436545E+00  0.292052E+00
  0.187628E+01  0.532300E+00  0.296109E+00
  0.188060E+01 -0.774211E-01  0.298011E+00
  0.188492E+01  0.307352E+00  0.299312E+00
  0.188924E+01  0.134771E+00  0.299861E+00
  0.189356E+01  0.100346E+01  0.302426E+00
  0.189787E+01  0.292818E+00  0.303933E+00
  0.190219E+01  0.505907E+00  0.304209E+00
  0.190651E+01  0.470541E+00  0.307122E+00
  0.191083E+01  0.366409E+00  0.308454E+00
  0.191515E+01  0.176926E+00  0.309633E+00
  0.191946E+01 -0.230040E+00  0.302938E+00
  0.192378E+01  0.474097E+00  0.297890E+00
  0.192810E+01  0.437676E+00  0.295933E+00
  0.193242E+01  0.291651E+00  0.288880E+00
  0.193674E+01  0.518858E+00  0.285527E+00
  0.194105E+01  0.351291E+00  0.292246E+00
  0.194537E+01  0.777086E+00  0.283967E+00
  0.194969E+01  0.514382E+00  0.289541E+00
  0.195401E+01  0.391417E+00  0.285453E+00
  0.195833E+01  0.857253E+00  0.286617E+00
  0.196264E+01  0.800997E+00  0.280735E+00
  0.196696E+01  0.212656E+00  0.281514E+00
  0.197128E+01  0.991804E+00  0.281781E+00
  0.197560E+01  0.215211E+00  0.279707E+00
  0.197992E+01  0.378513E+00  0.280015E+00
  0.198423E+01  0.474071E+00  0.280842E+00
  0.198855E+01  0.641664E-01  0.278933E+00
  0.199287E+01  0.252009E+00  0.280695E+00
  0.199719E+01  0.248950E+00  0.274870E+00
  0.200151E+01  0.238615E+00  0.273628E+00
 ========================================
# rnp                                                                           
# Sample c= 0.56 mg/ml                                                          
#                                                                               
# Number of frames collected: 10                                                
# Exposure time per frame: 1.0                                                  
# No significant radiation damage detected, merging 10 files                    
# Merged from: /data/visitor/mx1372/bm29/09122012/audre/1d/rnp_101_00001.dat    
# Merged from: /data/visitor/mx1372/bm29/09122012/audre/1d/rnp_101_00002.dat    
# Merged from: /data/visitor/mx1372/bm29/09122012/audre/1d/rnp_101_00003.dat    
# Merged from: /data/visitor/mx1372/bm29/09122012/audre/1d/rnp_101_00004.dat    
# Merged from: /data/visitor/mx1372/bm29/09122012/audre/1d/rnp_101_00005.dat    
# Merged from: /data/visitor/mx1372/bm29/09122012/audre/1d/rnp_101_00006.dat    
 ========================================
# buffer rnp                                                                    
# Sample c= 0.0 mg/ml                                                           
#                                                                               
# Number of frames collected: 10                                                
# Exposure time per frame: 1.0                                                  
# No significant radiation damage detected, merging 10 files                    
# Merged from: /data/visitor/mx1372/bm29/09122012/audre/1d/rnp_100_00001.dat    
# Merged from: /data/visitor/mx1372/bm29/09122012/audre/1d/rnp_100_00002.dat    
# Merged from: /data/visitor/mx1372/bm29/09122012/audre/1d/rnp_100_00003.dat    
# Merged from: /data/visitor/mx1372/bm29/09122012/audre/1d/rnp_100_00004.dat    
# Merged from: /data/visitor/mx1372/bm29/09122012/audre/1d/rnp_100_00005.dat    
# Merged from: /data/visitor/mx1372/bm29/09122012/audre/1d/rnp_100_00006.dat    
 ========================================
# buffer rnp                                                                    
# Sample c= 0.0 mg/ml                                                           
#                                                                               
# Number of frames collected: 10                                                
# Exposure time per frame: 1.0                                                  
# No significant radiation damage detected, merging 10 files                    
# Merged from: /data/visitor/mx1372/bm29/09122012/audre/1d/rnp_102_00001.dat    
# Merged from: /data/visitor/mx1372/bm29/09122012/audre/1d/rnp_102_00002.dat    
# Merged from: /data/visitor/mx1372/bm29/09122012/audre/1d/rnp_102_00003.dat    
# Merged from: /data/visitor/mx1372/bm29/09122012/audre/1d/rnp_102_00004.dat    
# Merged from: /data/visitor/mx1372/bm29/09122012/audre/1d/rnp_102_00005.dat    
# Merged from: /data/visitor/mx1372/bm29/09122012/audre/1d/rnp_102_00006.dat    
 ========================================
